Alabama
Alaska
Arizona
Arkansas
California
Colorado
Connecticut
Delaware
D. C.
Florida
Georgia
Hawaii
Idaho
Illinois
Indiana
Iowa
Kansas
Kentucky
Louisiana
Maine
Maryland
Massachusetts
Michigan
Minnesota
Mississippi
Missouri
Montana
Nebraska
Nevada
New Hampshire
New Jersey
New Mexico
New York
North Carolina
North Dakota
Ohio
Oklahoma
Oregon
Pennsylvania
Rhode Island
South Carolina
South Dakota
Tennessee
Texas
Utah
Vermont
Virginia
Washington
West Virginia
Wisconsin
Wyoming
813479
123594
1034707
422310
8274473
1288633
997773
255459
245800
4282367
1844123
325871
236440
3419348
1374039
828940
514765
751985
782989
421923
1629467
1904098
2872579
1573354
554662
1441911
232159
333319
533736
384826
2215422
472422
4804945
2142651
141403
2940044
502496
1037291
3276363
296571
862449
170924
1087437
3528633
327670
219262
1959532
1750848
303857
1677211
82868
1266546
193841
1230111
638017
5011781
1073629
629428
152374
17367
4046219
2048759
120566
403012
2031179
1345648
682379
699655
1048462
1148275
295273
959862
1108854
2048639
1275409
724597
1445814
243882
452979
412827
316534
1613207
346832
2752771
2128474
168887
2677820
960165
738475
2655885
165391
1034896
203054
1479178
4479328
596030
98974
1725005
1229216
397466
1262393
164958
19794
8762
39020
26290
291011
39200
19592
4783
2686
83275
39276
7131
19002
77828
35903
25804
23996
27140
29497
13967
42267
68117
88976
61606
10606
41224
16709
14983
21285
9610
48778
10904
83232
39664
7448
103951
0
52098
83228
9804
23624
7997
35367
79247
33781
6810
38723
73152
13545
43813
6832